camera 0 0 -4 0 0 0 0 1 0
screen 80 1 0.3 200

ambient 0.24725 0.1995 0.0745
diffuse 0.75164 0.60648 0.22648
specular 0.628281 0.555802 0.366065
shininess 51.2

model 0.5 0.433 0.4082 1 0.866 0.8165

mesh 12 4

0 0 0 				0 -0.8165 0.2887 #0
0.5 0.2887 0.8165 	0 -0.8165 0.2887 #1
1 0 0 				0 -0.8165 0.2887 #2

1 0 0 				0.707089 0.40825 0.2886499 #3
0.5 0.866 0 		0.707089 0.40825 0.2886499 #4
0.5 0.2887 0.8165 	0.707089 0.40825 0.2886499 #5

0.5 0.2887 0.8165	-0.707089 0.40825 0.2886499 #6
0.5 0.866 0			-0.707089 0.40825 0.2886499 #7
0 0 0				-0.707089 0.40825 0.2886499 #8

0.5 0.866 0			0 0 -0.866 #9
0 0 0				0 0 -0.866 #10
1 0 0				0 0 -0.866 #11

0 1 2
3 4 5
6 7 8
9 10 11

figure
